#           x           U_x           U_y           U_z             p
  2.43081e-18   4.71672e-21   3.89584e-17  -1.52297e-45     -0.299884
   0.00502513    9.7507e-06     0.0805373  -3.14838e-30     -0.299993
    0.0100503   1.95014e-05      0.161075  -6.29676e-30     -0.300102
    0.0150754   -0.00133911      0.224521  -4.69063e-30     -0.300937
    0.0201005   -0.00274093      0.287427  -2.93436e-30     -0.301794
    0.0251256   -0.00414146       0.35099  -6.88934e-30     -0.302864
    0.0301508    -0.0055419      0.414595  -1.12168e-29     -0.303948
    0.0351759   -0.00870424       0.46365  -5.31818e-30     -0.305458
     0.040201    -0.0120447      0.511235   1.61451e-30      -0.30701
    0.0452261    -0.0154056      0.559797   8.42822e-30     -0.308782
    0.0502513    -0.0187693      0.608496   1.52253e-29     -0.310585
    0.0552764    -0.0236528      0.645853   1.13065e-29      -0.31304
    0.0603015    -0.0288109      0.681161     5.451e-30     -0.315613
    0.0653266    -0.0340342      0.717545  -2.33034e-30     -0.318422
    0.0703518    -0.0392721      0.754171   -1.0545e-29     -0.321285
    0.0753769    -0.0455521      0.782578  -7.34102e-30     -0.325017
     0.080402    -0.0521162      0.808744  -1.02286e-30     -0.328986
    0.0854271    -0.0588005      0.835964    3.0485e-30     -0.333216
    0.0904523    -0.0655237      0.863525   6.39116e-30      -0.33753
    0.0954774    -0.0728184      0.885434   3.89298e-30     -0.342789
     0.100503    -0.0803304      0.905194  -8.26381e-31     -0.348406
     0.105528    -0.0880139      0.925933  -2.04035e-30     -0.354313
     0.110553    -0.0957731      0.947105  -1.70782e-30     -0.360347
     0.115578     -0.103712      0.964408  -6.81761e-32      -0.36731
     0.120603     -0.111741      0.979747   2.23509e-30     -0.374744
     0.125628     -0.119981      0.995981    1.1978e-29     -0.382498
     0.130653     -0.128343       1.01273   2.60407e-29     -0.390439
     0.135678     -0.136603       1.02667   2.51622e-29     -0.399239
     0.140704     -0.144796       1.03874   1.44073e-29     -0.408608
     0.145729     -0.153221       1.05162   1.46563e-29     -0.418327
     0.150754     -0.161821       1.06512   2.31582e-29      -0.42831
     0.155779     -0.170145       1.07632   2.06496e-29     -0.439043
     0.160804     -0.178235       1.08558   8.79222e-30     -0.450413
     0.165829     -0.186563       1.09557  -4.46751e-31      -0.46216
     0.170854      -0.19512       1.10627  -7.17208e-30     -0.474271
     0.175879     -0.203311       1.11492  -7.04925e-30     -0.486987
     0.180905     -0.211105       1.12136   5.04571e-31     -0.500362
      0.18593     -0.219127       1.12845   1.10582e-29     -0.514133
     0.190955      -0.22743       1.13633   2.52936e-29     -0.528392
      0.19598     -0.235337       1.14234    2.7248e-29     -0.543087
     0.201005     -0.242693       1.14573    1.2129e-29     -0.558386
      0.20603     -0.250257       1.14969  -3.18321e-30     -0.574091
     0.211055     -0.258149       1.15453  -1.88003e-29     -0.590435
      0.21608     -0.265656       1.15767  -2.44909e-29     -0.607032
     0.221106     -0.272468       1.15774  -1.23137e-29     -0.624082
     0.226131     -0.279458       1.15827  -2.91434e-30     -0.641531
     0.231156     -0.286816       1.15977   7.55565e-31     -0.659799
     0.236181     -0.293829       1.15981   3.07878e-30     -0.678144
     0.241206     -0.300022       1.15637    2.1978e-30     -0.696672
     0.246231     -0.306357       1.15329   4.03068e-30     -0.715569
     0.251256     -0.313087       1.15123   1.33789e-29     -0.735494
     0.256281     -0.319535         1.148   1.79535e-29      -0.75535
     0.261307     -0.325059       1.14096    6.9624e-30     -0.774984
     0.266332     -0.330688       1.13419  -6.91053e-30      -0.79494
     0.271357     -0.336724       1.12846  -3.20224e-29     -0.816152
     0.276382     -0.342552        1.1219  -4.77337e-29     -0.837205
     0.281407      -0.34739       1.11135  -1.86535e-29     -0.857503
     0.286432     -0.352294       1.10097   9.98504e-30     -0.878051
     0.291457     -0.357599       1.09164   3.59737e-29     -0.900101
     0.296482     -0.362776        1.0818   5.69599e-29     -0.921974
     0.301508      -0.36694       1.06796   3.83807e-29     -0.942447
     0.306533     -0.371138       1.05421     2.287e-29     -0.963075
     0.311558     -0.375708       1.04147   4.18801e-29     -0.985464
     0.316583     -0.380226       1.02851   5.83484e-29      -1.00774
     0.321608      -0.38376       1.01175   2.75387e-29      -1.02789
     0.326633     -0.387301      0.995005  -2.57505e-30      -1.04808
     0.331658     -0.391168       0.97919   7.19348e-31      -1.07028
     0.336683     -0.395035      0.963375   4.01374e-30      -1.09249
     0.341709     -0.398019      0.944157  -6.94145e-30      -1.11187
     0.346734     -0.400995      0.924904  -1.80436e-29      -1.13121
     0.351759     -0.404209      0.906419  -7.01685e-29      -1.15265
     0.356784     -0.407435      0.887968  -1.24039e-28      -1.17417
     0.361809     -0.409995      0.866922  -6.38509e-29      -1.19253
     0.366834     -0.412504      0.845677   5.11105e-30      -1.21065
     0.371859     -0.415157      0.825016   4.31501e-29      -1.23082
     0.376884     -0.417827      0.804421   7.76752e-29      -1.25121
      0.38191     -0.420045      0.781969   6.27844e-29      -1.26826
     0.386935     -0.422194      0.759233   4.03357e-29      -1.28479
      0.39196     -0.424401      0.736918   5.92114e-29      -1.30329
     0.396985     -0.426619      0.714685   8.61504e-29      -1.32218
      0.40201      -0.42858      0.691223   6.32771e-29      -1.33767
     0.407035     -0.430479      0.667465   2.84237e-29      -1.35235
      0.41206     -0.432363      0.643992    2.0206e-30       -1.3689
     0.417085     -0.434242      0.620602  -2.19363e-29      -1.38598
     0.422111     -0.436031      0.596478  -1.44171e-29      -1.39975
     0.427136     -0.437788      0.572104   3.88167e-30      -1.41239
     0.432161     -0.439471      0.547906   1.71371e-29      -1.42676
     0.437186     -0.441123       0.52378   2.83751e-29      -1.44183
     0.442211      -0.44282      0.499284   1.98924e-29      -1.45376
     0.447236     -0.444536      0.474617   2.28528e-30      -1.46423
     0.452261     -0.446132      0.450048   1.67126e-30       -1.4763
     0.457286     -0.447663       0.42553   1.00848e-29      -1.48923
     0.462312     -0.449339      0.400885  -8.54172e-31      -1.49925
     0.467337     -0.451103      0.376162  -2.35316e-29      -1.50751
     0.472362     -0.452714      0.351482  -3.22799e-29      -1.51722
     0.477387     -0.454219       0.32683  -3.14219e-29      -1.52794
     0.482412     -0.455939      0.302194  -2.86762e-29      -1.53603
     0.487437     -0.457829      0.277568  -2.44546e-29      -1.54206
     0.492462     -0.459544      0.252951  -5.58453e-29      -1.54941
     0.497487     -0.461105       0.22834  -1.18739e-28      -1.55791
     0.502513     -0.462926       0.20381  -1.13816e-28      -1.56408
     0.507538     -0.465008       0.17936  -4.10759e-29      -1.56791
     0.512563     -0.466905        0.1549   1.47508e-29      -1.57291
     0.517588     -0.468593       0.13043   5.14581e-29      -1.57921
     0.522613     -0.470565      0.106051   5.43306e-29      -1.58349
     0.527638     -0.472902     0.0817908   1.39261e-29      -1.58517
     0.532663     -0.475051     0.0575156  -2.47866e-29      -1.58787
     0.537688     -0.476928     0.0332191   -6.1046e-29      -1.59203
     0.542714     -0.479098     0.0089938  -7.45329e-29      -1.59446
     0.547739      -0.48175     -0.015114  -5.04762e-29      -1.59405
     0.552764      -0.48422    -0.0392334  -3.58579e-29      -1.59451
     0.557789     -0.486348     -0.063375  -3.90061e-29      -1.59659
     0.562814     -0.488762    -0.0874842   -3.6569e-29      -1.59724
     0.567839     -0.491795     -0.111523  -2.20607e-29      -1.59479
     0.572864      -0.49466     -0.135567   -5.8197e-30      -1.59306
     0.577889     -0.497102     -0.159621    1.4753e-29      -1.59313
     0.582915     -0.499811     -0.183687    2.8713e-29      -1.59205
      0.58794     -0.503302     -0.207787   2.33638e-29      -1.58762
     0.592965     -0.506645     -0.231884   2.12895e-29      -1.58376
      0.59799     -0.509477     -0.255968   3.05284e-29      -1.58189
     0.603015     -0.512543     -0.280103   3.18578e-29      -1.57915
      0.60804      -0.51658     -0.304447   3.00809e-31      -1.57278
     0.613065     -0.520499     -0.328781  -3.20494e-29      -1.56683
      0.61809     -0.523815     -0.353071  -6.84645e-29      -1.56308
     0.623116     -0.527313     -0.377432   -9.4619e-29      -1.55873
     0.628141     -0.531999     -0.402265  -5.36853e-29      -1.55043
     0.633166     -0.536606     -0.427089  -1.33824e-29      -1.54241
     0.638191     -0.540522     -0.451831   2.13703e-29      -1.53682
     0.643216     -0.544546     -0.476638   5.15032e-29       -1.5309
     0.648241     -0.549987      -0.50228   2.15776e-29      -1.52068
     0.653266     -0.555396     -0.527918  -9.25366e-30      -1.51057
     0.658291     -0.560044     -0.553451  -6.13697e-29      -1.50315
     0.663317     -0.564708     -0.578997  -1.12481e-28      -1.49569
     0.668342     -0.570994     -0.605844  -6.61619e-29      -1.48349
     0.673367      -0.57728     -0.632692  -1.98425e-29       -1.4713
     0.678392     -0.582813     -0.659456   1.42966e-29      -1.46196
     0.683417      -0.58833     -0.686218   4.81821e-29      -1.45268
     0.688442     -0.595406     -0.714627   3.25526e-29      -1.43868
     0.693467     -0.602567     -0.743125    1.4261e-29      -1.42443
     0.698492     -0.609111      -0.77164  -2.04849e-31      -1.41296
     0.703518     -0.615601     -0.800156  -1.43307e-29      -1.40174
     0.708543     -0.623379     -0.830499  -1.51089e-29      -1.38587
     0.713568      -0.63132     -0.861072  -1.41996e-29      -1.36942
     0.718593     -0.638858     -0.891856   -5.5096e-29      -1.35565
     0.723618     -0.646329     -0.922675   -1.0296e-28      -1.34233
     0.728643     -0.654572     -0.955216  -7.06755e-29      -1.32445
     0.733668     -0.662977     -0.988118  -2.15696e-29      -1.30561
     0.738693     -0.671271      -1.02154   2.75446e-30      -1.28932
     0.743719     -0.679537      -1.05509   2.07241e-29      -1.27369
     0.748744     -0.687764      -1.08979   1.91488e-29      -1.25365
     0.753769      -0.69598      -1.12486   1.15798e-29      -1.23227
     0.758794     -0.704441      -1.16085  -6.48509e-30      -1.21323
     0.763819     -0.712992      -1.19718  -2.83401e-29      -1.19504
     0.768844     -0.720393      -1.23346  -2.55965e-29      -1.17276
     0.773869     -0.727311      -1.26972  -1.25144e-29      -1.14875
     0.778894     -0.734863      -1.30741  -2.68853e-29      -1.12682
      0.78392     -0.742721      -1.34579  -5.45669e-29      -1.10589
     0.788945     -0.748077      -1.38216  -4.89899e-29       -1.0814
      0.79397     -0.752042       -1.4174  -2.49359e-29      -1.05494
     0.798995     -0.756991      -1.45459  -2.42696e-29      -1.03018
      0.80402     -0.762563        -1.493  -3.84156e-29      -1.00648
     0.809045     -0.764172      -1.52671  -3.61149e-29     -0.980073
      0.81407     -0.762929      -1.55704  -2.19841e-29     -0.951711
     0.819095     -0.762845      -1.58972   -1.3102e-29      -0.92455
     0.824121     -0.763703      -1.62433  -8.49665e-30     -0.898369
     0.829146     -0.759702      -1.65055  -5.22714e-30     -0.870936
     0.834171     -0.751223      -1.66902  -3.18869e-30      -0.84235
     0.839196     -0.743999      -1.68965   9.31274e-30     -0.814544
     0.844221     -0.738082       -1.7125   3.27131e-29     -0.787552
     0.849246     -0.727061      -1.72586   3.50749e-29     -0.761009
     0.854271     -0.710028      -1.72803    1.2658e-29     -0.734994
     0.859296     -0.694125      -1.73202   2.57976e-30     -0.709477
     0.864322     -0.679728      -1.73845   8.95303e-30     -0.684624
     0.869347     -0.660908      -1.73435   1.00158e-29     -0.660814
     0.874372     -0.635397      -1.71433   3.04463e-30     -0.638581
     0.879397      -0.61074       -1.6958   -7.4349e-31      -0.61654
     0.884422     -0.587553      -1.67982   9.50263e-31     -0.594827
     0.889447     -0.561094      -1.65371   1.81073e-30     -0.575078
     0.894472     -0.528191      -1.60764   1.02989e-30     -0.559197
     0.899497     -0.495868      -1.56236  -5.26019e-31     -0.543301
     0.904523     -0.464861      -1.51889  -3.83874e-30     -0.527373
     0.909548     -0.432329      -1.46774  -5.09279e-30     -0.513602
     0.914573     -0.395787       -1.3964   -9.3333e-31     -0.505501
     0.919598     -0.359527      -1.32524   4.11928e-30     -0.497361
     0.924623     -0.324141      -1.25463   1.19257e-29     -0.489102
     0.929648     -0.289032      -1.18023   1.65364e-29     -0.482428
     0.934673     -0.254944      -1.09192   9.42929e-30     -0.481564
     0.939698     -0.220944      -1.00344   3.29942e-30     -0.480695
     0.944724     -0.187341     -0.914245   1.51299e-30     -0.479802
     0.949749      -0.15501     -0.824679   8.46729e-32     -0.479704
     0.954774     -0.129719     -0.733086   6.37869e-31     -0.484001
     0.959799     -0.104441     -0.641299   9.03174e-31     -0.488315
     0.964824    -0.0792568     -0.548123  -8.94745e-31      -0.49275
     0.969849    -0.0551922      -0.45601  -2.56678e-30     -0.497306
     0.974874    -0.0421937     -0.374392   -2.9939e-30     -0.503057
     0.979899    -0.0291948     -0.292702  -3.42453e-30     -0.508822
     0.984925    -0.0161898     -0.209892  -3.90903e-30     -0.514814
      0.98995   -0.00352877     -0.127664  -4.31269e-30     -0.520619
     0.994975   -0.00176438     -0.063832  -2.15634e-30     -0.520483
            1             0             0             0     -0.520347
