#           y           U_x           U_y           U_z             p
  1.89651e-19   -1.2046e-18    3.9902e-21   3.19241e-47    -0.0365733
   0.00502513    -0.0319179   0.000105727   8.45883e-31    -0.0366541
    0.0100503    -0.0638357   0.000211454   1.69177e-30    -0.0367349
    0.0150754    -0.0928022   0.000262359   9.55324e-31    -0.0367831
    0.0201005     -0.121676   0.000311533   1.68914e-31    -0.0368302
    0.0251256     -0.151062   0.000385957  -5.61211e-31      -0.03703
    0.0301508     -0.180481   0.000462027  -1.28766e-30    -0.0372398
    0.0351759     -0.207502   0.000265982  -6.74635e-31    -0.0375376
     0.040201      -0.23428   4.24207e-05   7.38476e-32    -0.0378443
    0.0452261     -0.261901   -0.00012145   9.19305e-32    -0.0382886
    0.0502513     -0.289639  -0.000276993   8.09704e-33    -0.0387521
    0.0552764      -0.31556  -0.000752866   3.79498e-32    -0.0395208
    0.0603015     -0.341153   -0.00128663   8.83482e-32    -0.0403447
    0.0653266     -0.367776   -0.00172808   7.06347e-31    -0.0413039
    0.0703518      -0.39463   -0.00214875   1.45206e-30    -0.0422935
    0.0753769     -0.420129   -0.00282632   1.06984e-30    -0.0437557
     0.080402     -0.445257   -0.00357395   3.80014e-31    -0.0453467
    0.0854271     -0.471503   -0.00420791   -1.0519e-31     -0.047091
    0.0904523     -0.498111   -0.00480499  -5.24029e-31     -0.048885
    0.0954774     -0.523668   -0.00551169  -3.87413e-31    -0.0513372
     0.100503     -0.548825   -0.00626007  -3.95657e-32    -0.0540397
     0.105528     -0.575118   -0.00688224   -7.7023e-32    -0.0569182
     0.110553     -0.601911   -0.00744873  -2.84467e-31    -0.0598744
     0.115578     -0.627753   -0.00796831  -3.59837e-31    -0.0636676
     0.120603     -0.653113   -0.00846407  -3.68152e-31    -0.0678857
     0.125628      -0.67958     -0.008821  -1.39393e-30    -0.0723084
     0.130653     -0.706691   -0.00909733  -3.01049e-30    -0.0768499
     0.135678      -0.73274   -0.00920636  -2.82832e-30    -0.0823816
     0.140704     -0.758088    -0.0092048  -1.45714e-30    -0.0885678
     0.145729     -0.784486    -0.0090475  -2.18305e-30    -0.0949924
     0.150754      -0.81167   -0.00877339  -4.48176e-30     -0.101596
     0.155779     -0.837524   -0.00827151  -4.68207e-30     -0.109294
     0.160804     -0.862247   -0.00757623  -3.10072e-30     -0.117921
     0.165829     -0.887938   -0.00670432   -3.4176e-30     -0.126823
     0.170854     -0.914557   -0.00566284  -5.55677e-30     -0.135988
     0.175879     -0.939512    -0.0043938  -6.07498e-30     -0.146278
     0.180905      -0.96266   -0.00287782  -4.83428e-30     -0.157787
      0.18593      -0.98667   -0.00116381  -4.89476e-30     -0.169604
     0.190955      -1.01174   0.000793258  -6.55216e-30     -0.181799
      0.19598      -1.03485    0.00292759  -6.25347e-30     -0.195059
     0.201005      -1.05525    0.00530836  -3.23535e-30     -0.209799
      0.20603      -1.07639    0.00790344  -9.12821e-31     -0.224873
     0.211055      -1.09869     0.0108369   3.11413e-31     -0.240474
      0.21608      -1.11888     0.0138693   9.39078e-31     -0.256975
     0.221106      -1.13528     0.0170796   4.92921e-31     -0.275092
     0.226131      -1.15227     0.0205087  -3.01922e-31     -0.293557
     0.231156      -1.17049     0.0243889  -1.81593e-30     -0.312739
     0.236181      -1.18665      0.028286  -3.08163e-30     -0.332575
     0.241206      -1.19788     0.0322233  -3.75656e-30     -0.353964
     0.246231      -1.20957     0.0363662  -6.13559e-30     -0.375694
     0.251256      -1.22247     0.0410785  -1.32337e-29     -0.398365
     0.256281      -1.23356     0.0457099  -1.72037e-29     -0.421422
     0.261307      -1.23874     0.0500771  -1.09736e-29     -0.445734
     0.266332      -1.24422     0.0546181  -4.37573e-30      -0.47035
     0.271357      -1.25089     0.0598362   3.65645e-30      -0.49615
     0.276382      -1.25628     0.0649386   9.35815e-30     -0.522058
     0.281407       -1.2555     0.0694889   3.95573e-30     -0.548481
     0.286432      -1.25492     0.0741671    1.3108e-31     -0.575141
     0.291457      -1.25543     0.0796116   5.77298e-30     -0.603227
     0.296482      -1.25515     0.0849564   9.85722e-30     -0.631278
     0.301508      -1.24864     0.0895124    1.6218e-30     -0.659049
     0.306533      -1.24222     0.0941401  -7.50624e-30     -0.686968
     0.311558      -1.23675     0.0995731  -2.66763e-29     -0.716564
     0.316583      -1.23095      0.104956  -4.41623e-29     -0.746089
     0.321608      -1.21901      0.109399  -3.03253e-29     -0.774302
     0.326633      -1.20709      0.113859  -1.64386e-29     -0.802554
     0.331658      -1.19596      0.119122  -1.64934e-31     -0.832741
     0.336683      -1.18483      0.124385   1.61087e-29     -0.862928
     0.341709      -1.16841      0.128461   6.10564e-30     -0.890654
     0.346734      -1.15193      0.132524  -4.16837e-30     -0.918356
     0.351759      -1.13601      0.137299  -7.60279e-30     -0.948061
     0.356784      -1.12012      0.142104  -1.07462e-29     -0.977851
     0.361809      -1.10046      0.145772  -5.78101e-30      -1.00448
     0.366834      -1.08052      0.149353  -1.92108e-31      -1.03088
     0.371859      -1.06093      0.153495   1.62081e-30      -1.05921
     0.376884      -1.04138      0.157701   3.00463e-30      -1.08776
      0.38191      -1.01945      0.160928   7.64892e-31      -1.11277
     0.386935     -0.997155      0.164005  -2.02904e-30      -1.13723
      0.39196      -0.97506      0.167491   8.93588e-30      -1.16355
     0.396985     -0.953005      0.171058   2.25855e-29      -1.19022
      0.40201     -0.929661      0.173864   2.08562e-29      -1.21323
     0.407035     -0.906008      0.176487   1.54283e-29      -1.23536
      0.41206     -0.882445      0.179377   9.89729e-30      -1.25922
     0.417085     -0.858907      0.182345   4.33638e-30      -1.28359
     0.422111     -0.834852      0.184789   2.19095e-30      -1.30438
     0.427136     -0.810619      0.187054   1.21522e-30      -1.32395
     0.432161     -0.786402      0.189464   8.02876e-30      -1.34512
     0.437186     -0.762191      0.191933    1.7958e-29      -1.36693
     0.442211     -0.737934      0.194097    1.4062e-29      -1.38541
     0.447236     -0.713657      0.196119   3.76922e-30      -1.40235
     0.452261     -0.689348      0.198191   1.16483e-30      -1.42075
     0.457286     -0.665023       0.20029   2.64491e-30      -1.43992
     0.462312     -0.640892      0.202261   6.23337e-30      -1.45608
     0.467337      -0.61688      0.204155   1.11007e-29       -1.4704
     0.472362     -0.592808      0.206031   4.12957e-29      -1.48604
     0.477387     -0.568695      0.207893    8.8958e-29      -1.50258
     0.482412     -0.544857      0.209756   7.08206e-29      -1.51645
     0.487437     -0.521232      0.211619    1.2399e-30      -1.52823
     0.492462     -0.497533      0.213419  -6.24546e-29      -1.54118
     0.497487     -0.473768      0.215163  -1.20942e-28      -1.55517
     0.502513     -0.450263      0.216987  -1.11613e-28      -1.56682
     0.507538     -0.427019      0.218892  -3.44665e-29      -1.57614
     0.512563     -0.403691      0.220709   4.68652e-29      -1.58649
     0.517588      -0.38027      0.222428   1.32928e-28        -1.598
     0.522613     -0.357054      0.224266   1.43818e-28      -1.60751
     0.527638     -0.334103      0.226254   5.85543e-29      -1.61446
     0.532663     -0.311065      0.228148  -3.08392e-29       -1.6223
     0.537688       -0.2879      0.229904  -1.26221e-28      -1.63143
     0.542714      -0.26488      0.231785  -1.53256e-28      -1.63887
     0.547739     -0.242097      0.233873  -6.76093e-29      -1.64352
     0.552764     -0.219227       0.23587    8.4944e-30      -1.64892
     0.557789     -0.196192      0.237694   6.66349e-29      -1.65575
     0.562814      -0.17325       0.23963   9.03697e-29      -1.66118
     0.567839      -0.15051      0.241809   3.97438e-29       -1.6636
     0.572864     -0.127685      0.243907  -1.30974e-30      -1.66664
     0.577889     -0.104645      0.245804  -1.84323e-29      -1.67124
     0.582915    -0.0816654      0.247789  -2.74168e-29      -1.67472
      0.58794    -0.0588612      0.250029  -1.26381e-29      -1.67495
     0.592965    -0.0359772      0.252204   3.15433e-30      -1.67567
      0.59799    -0.0128172      0.254154    2.2449e-29      -1.67808
     0.603015     0.0103008      0.256164   3.35121e-29      -1.67966
      0.60804     0.0332437      0.258422   1.03498e-29      -1.67776
     0.613065     0.0562555      0.260632  -1.28937e-29      -1.67621
      0.61809     0.0796204      0.262597  -3.65533e-29       -1.6765
     0.623116      0.102952      0.264596  -5.43207e-29      -1.67623
     0.628141      0.126067      0.266814   -3.3563e-29      -1.67224
     0.633166      0.149232      0.269002  -1.70221e-29      -1.66848
     0.638191      0.172846       0.27093  -3.75898e-29      -1.66671
     0.643216      0.196436      0.272872  -5.49564e-29      -1.66463
     0.648241       0.21971      0.274981    -3.071e-29      -1.65863
     0.653266      0.243008      0.277078  -8.53264e-30      -1.65273
     0.658291      0.266871      0.278903  -3.49782e-29      -1.64897
     0.663317       0.29073       0.28073  -6.10508e-29      -1.64517
     0.668342      0.314105      0.282654  -5.09431e-29      -1.63726
     0.673367       0.33748      0.284578  -4.08354e-29      -1.62934
     0.678392      0.361531      0.286231  -3.79045e-29      -1.62365
     0.683417      0.385597      0.287879  -3.51231e-29      -1.61801
     0.688442      0.409003      0.289533  -2.65466e-29      -1.60852
     0.693467      0.432374      0.291187  -1.76585e-29      -1.59883
     0.698492      0.456483      0.292595  -3.05594e-29      -1.59124
     0.703518      0.480658      0.293981   -4.5397e-29      -1.58384
     0.708543      0.503983      0.295286  -2.18347e-29      -1.57298
     0.713568        0.5272       0.29658   6.58274e-30      -1.56169
     0.718593      0.551212      0.297651   3.14192e-29      -1.55238
     0.723618      0.575356      0.298685   5.56588e-29      -1.54341
     0.728643      0.598451      0.299557   3.15342e-29      -1.53138
     0.733668      0.621326      0.300396  -2.74087e-30      -1.51871
     0.738693      0.645041      0.301033  -3.03224e-29      -1.50791
     0.743719      0.668973      0.301619  -5.61876e-29      -1.49758
     0.748744      0.691663      0.301975  -3.68937e-29      -1.48463
     0.753769      0.713973      0.302259  -3.75095e-30      -1.47086
     0.758794      0.737157      0.302363   5.03286e-29      -1.45884
     0.763819      0.760656      0.302401   1.11969e-28      -1.44745
     0.768844      0.782752      0.302151   9.37427e-29      -1.43385
     0.773869      0.804257      0.301781     4.195e-29      -1.41933
     0.778894      0.826653      0.301248   1.11839e-29      -1.40641
      0.78392       0.84948      0.300636  -9.38747e-30      -1.39428
     0.788945      0.870798      0.299689  -9.44675e-30      -1.38037
      0.79397      0.891278      0.298556   1.88958e-30      -1.36547
     0.798995      0.912642      0.297278   1.52678e-29      -1.35204
      0.80402      0.934566      0.295908   2.99391e-29      -1.33955
     0.809045      0.954992      0.294158   2.72687e-29      -1.32567
      0.81407      0.974342      0.292135   1.21245e-29       -1.3108
     0.819095      0.994543      0.289985   1.22392e-29      -1.29726
     0.824121       1.01544      0.287731    2.4787e-29      -1.28482
     0.829146       1.03508      0.285039   2.10082e-29      -1.27134
     0.834171       1.05357      0.281942   2.18342e-30      -1.25692
     0.839196       1.07284      0.278739  -2.56292e-29       -1.2437
     0.844221       1.09294      0.275424  -6.28041e-29      -1.23171
     0.849246       1.11248       0.27158  -6.81921e-29      -1.21899
     0.854271       1.13135      0.267115  -3.61423e-29      -1.20539
     0.859296       1.15092      0.262564  -2.23133e-29      -1.19284
     0.864322       1.17142      0.257901  -3.27788e-29      -1.18169
     0.869347       1.19281      0.252586   -3.0917e-29         -1.17
     0.874372       1.21553      0.246288  -1.04062e-29       -1.1575
     0.879397       1.23885      0.239926   9.95572e-30      -1.14589
     0.884422       1.26319      0.233457    3.0061e-29      -1.13584
     0.889447       1.29082      0.226231   3.66644e-29      -1.12536
     0.894472       1.32491      0.217514    1.6673e-29      -1.11403
     0.899497        1.3595      0.208753   5.28837e-30      -1.10345
     0.904523       1.39518      0.199895   1.34122e-29      -1.09459
     0.909548       1.43719      0.190303   1.62999e-29      -1.08534
     0.914573       1.49579      0.178784   5.41833e-30      -1.07507
     0.919598       1.55478      0.167236   4.15501e-30      -1.06541
     0.924623       1.61497      0.155599    3.2548e-29      -1.05762
     0.929648       1.68382      0.143508   5.03533e-29      -1.04948
     0.934673       1.78441      0.129749   2.93367e-29      -1.04004
     0.939698       1.88529      0.115972   1.10786e-29      -1.03105
     0.944724        1.9875      0.102115   5.08026e-30       -1.0241
     0.949749       2.09807     0.0883366   1.45689e-30      -1.01686
     0.954774       2.25488     0.0749965   1.09752e-29      -1.00804
     0.959799       2.41188     0.0616474   2.10463e-29     -0.999516
     0.964824       2.57026     0.0482339   3.50785e-29     -0.993179
     0.969849        2.7332     0.0352734   4.64313e-29     -0.986751
     0.974874       2.94117     0.0267916   3.12884e-29     -0.979417
     0.979899       3.14921     0.0183077   1.90106e-29     -0.972236
     0.984925       3.35832    0.00979003    5.0665e-29     -0.967386
      0.98995       3.56764    0.00150997   8.01239e-29     -0.962647
     0.994975       3.78382   0.000754984    4.0062e-29     -0.961406
            1             4             0             0     -0.960165
