#           x           U_x           U_y           U_z             p
  2.43081e-18  -4.25215e-20   4.52341e-18  -7.21346e-47    -0.0140948
   0.00502513   -8.7903e-05    0.00935107  -1.49121e-31    -0.0140733
    0.0100503  -0.000175806     0.0187021  -2.98242e-31    -0.0140519
    0.0150754  -0.000701209     0.0268461  -2.23677e-31    -0.0142904
    0.0201005   -0.00124043      0.034952  -1.42048e-31    -0.0145371
    0.0251256   -0.00178095     0.0430696  -3.35449e-31    -0.0147438
    0.0301508   -0.00232156      0.051188  -5.46786e-31     -0.014948
    0.0351759   -0.00327585     0.0582191   -2.5579e-31    -0.0151881
     0.040201   -0.00427197     0.0651403   8.60045e-32     -0.015432
    0.0452261   -0.00527219     0.0720804      4.28e-31    -0.0156392
    0.0502513   -0.00627299      0.079023   7.70023e-31    -0.0158413
    0.0552764   -0.00760032     0.0850139   5.73843e-31    -0.0160432
    0.0603015   -0.00898668     0.0908327   2.80396e-31     -0.016245
    0.0653266    -0.0103811     0.0966747  -1.28344e-31    -0.0164134
    0.0703518    -0.0117773      0.102522  -5.63026e-31    -0.0165743
    0.0753769    -0.0134034      0.107554  -3.91781e-31      -0.01675
     0.080402    -0.0150923      0.112363  -5.52844e-32    -0.0169298
    0.0854271     -0.016794      0.117199   1.65076e-31    -0.0170793
    0.0904523    -0.0184998      0.122042   3.47771e-31    -0.0172189
    0.0954774    -0.0203648      0.126201   2.15853e-31    -0.0173809
     0.100503    -0.0222904      0.130099  -3.57055e-32    -0.0175515
     0.105528    -0.0242342      0.134025  -1.01286e-31    -0.0176949
     0.110553     -0.026186      0.137963  -8.48181e-32    -0.0178263
     0.115578    -0.0282405      0.141335  -6.88445e-33    -0.0179827
     0.120603     -0.030347       0.14442   1.02255e-31    -0.0181519
     0.125628    -0.0324775      0.147533   5.66696e-31    -0.0182971
     0.130653    -0.0346218      0.150664   1.23744e-30    -0.0184283
     0.135678    -0.0368232      0.153333   1.19258e-30    -0.0185855
     0.140704    -0.0390623      0.155697   6.74703e-31      -0.01876
     0.145729     -0.041331       0.15809   6.65395e-31    -0.0189135
     0.150754    -0.0436219      0.160506   1.03752e-30    -0.0190513
     0.155779    -0.0459343      0.162551    9.2318e-31    -0.0192148
     0.160804     -0.048265      0.164279   3.95812e-31    -0.0194002
     0.165829    -0.0506306      0.166037  -9.97915e-34    -0.0195676
     0.170854    -0.0530296      0.167824  -2.72471e-31    -0.0197178
     0.175879    -0.0554236      0.169314  -2.74028e-31    -0.0198921
     0.180905    -0.0578123      0.170481   1.73023e-32    -0.0200926
      0.18593    -0.0602402      0.171677   4.22487e-31    -0.0202779
     0.190955    -0.0627161       0.17291     9.674e-31    -0.0204447
      0.19598    -0.0651685      0.173907   1.04214e-30    -0.0206332
     0.201005    -0.0675881      0.174577   4.63215e-31    -0.0208518
      0.20603    -0.0700498      0.175274  -1.06213e-31    -0.0210579
     0.211055     -0.072578      0.176015  -6.60648e-31    -0.0212442
      0.21608    -0.0750708      0.176572  -8.64619e-31    -0.0214491
     0.221106       -0.0775      0.176796  -4.37758e-31    -0.0216875
     0.226131    -0.0799724      0.177044   -1.0065e-31    -0.0219159
     0.231156    -0.0825339      0.177345   5.13403e-32    -0.0221234
     0.236181    -0.0850541      0.177503   1.40466e-31     -0.022346
     0.241206     -0.087476      0.177321   8.00179e-32    -0.0226047
     0.246231      -0.08994      0.177161    1.1392e-31    -0.0228555
     0.251256    -0.0925205       0.17706   4.09099e-31    -0.0230845
     0.256281     -0.095059      0.176852   5.53666e-31    -0.0233251
     0.261307    -0.0974611      0.176294   2.07101e-31    -0.0236035
     0.266332    -0.0999013      0.175753  -2.17001e-31    -0.0238761
     0.271357      -0.10249      0.175279  -9.43503e-31    -0.0241257
     0.276382     -0.105041      0.174729  -1.39918e-30    -0.0243835
     0.281407     -0.107414      0.173815  -5.64442e-31      -0.02468
     0.286432     -0.109817      0.172913   2.57571e-31    -0.0249725
     0.291457     -0.112406      0.172084   1.00324e-30    -0.0252409
     0.296482     -0.114967      0.171208   1.60235e-30    -0.0255141
     0.301508     -0.117302      0.169949   1.04228e-30    -0.0258259
     0.306533     -0.119657      0.168698   5.66448e-31    -0.0261355
     0.311558     -0.122241      0.167525   1.03825e-30    -0.0264195
     0.316583      -0.12481      0.166331   1.44585e-30    -0.0267055
     0.321608     -0.127101      0.164734   6.59307e-31     -0.027029
     0.326633     -0.129399      0.163138  -1.09598e-31    -0.0273519
     0.331658     -0.131973      0.161624  -3.18708e-32    -0.0276474
     0.336683     -0.134548       0.16011   4.58569e-32    -0.0279429
     0.341709     -0.136794       0.15818  -1.96097e-31    -0.0282729
     0.346734     -0.139036      0.156246  -4.41346e-31    -0.0286033
     0.351759     -0.141584      0.154386  -1.74811e-30    -0.0289062
     0.356784     -0.144145       0.15253  -3.10004e-30    -0.0292079
     0.361809     -0.146359      0.150285   -1.6075e-30    -0.0295373
     0.366834     -0.148547       0.14801   1.03859e-31    -0.0298687
     0.371859     -0.151054      0.145798   1.03582e-30    -0.0301734
     0.376884     -0.153597      0.143593   1.87921e-30     -0.030475
      0.38191     -0.155779      0.141027   1.49807e-30    -0.0307975
     0.386935     -0.157907      0.138407   9.29645e-31    -0.0311231
      0.39196     -0.160363      0.135836    1.3707e-30    -0.0314224
     0.396985     -0.162883      0.133275   2.00873e-30    -0.0317166
      0.40201     -0.165032      0.130382   1.46033e-30    -0.0320251
     0.407035     -0.167091       0.12741   6.26593e-31    -0.0323372
      0.41206     -0.169485      0.124472   2.49715e-32     -0.032623
     0.417085     -0.171977      0.121545  -5.09458e-31    -0.0329011
     0.422111     -0.174089      0.118318  -3.67235e-31    -0.0331879
     0.427136     -0.176071      0.114988   6.71801e-33    -0.0334775
     0.432161      -0.17839      0.111678   3.04761e-31    -0.0337408
     0.437186     -0.180844      0.108376   5.72439e-31    -0.0339936
     0.442211     -0.182915      0.104808   4.02782e-31    -0.0342497
     0.447236     -0.184809      0.101115   3.07763e-32    -0.0345074
     0.452261     -0.187036     0.0974279   9.65752e-33    -0.0347386
     0.457286     -0.189441     0.0937432   1.74948e-31    -0.0349557
     0.462312     -0.191464     0.0898273   -4.8266e-32    -0.0351718
     0.467337     -0.193256     0.0857711  -5.07129e-31    -0.0353872
     0.472362     -0.195373     0.0817051  -7.42515e-31     -0.035576
     0.477387     -0.197714     0.0776323  -8.23779e-31    -0.0357465
     0.482412     -0.199679     0.0733657  -7.50557e-31    -0.0359125
     0.487437      -0.20135     0.0689478  -5.56557e-31    -0.0360751
     0.492462     -0.203333     0.0645063  -1.25426e-30    -0.0362111
     0.497487     -0.205591      0.060044  -2.74078e-30    -0.0363236
     0.502513     -0.207485     0.0554267   -2.6338e-30    -0.0364294
     0.507538     -0.209014     0.0506544  -9.33318e-31    -0.0365283
     0.512563     -0.210835     0.0458467     3.684e-31     -0.036601
     0.517588     -0.212987      0.040999   1.21934e-30    -0.0366441
     0.522613     -0.214792     0.0360353   1.28679e-30    -0.0366792
     0.527638     -0.216152     0.0309233   3.52099e-31    -0.0367041
     0.532663     -0.217781     0.0257665  -5.36562e-31    -0.0367035
     0.537688     -0.219797     0.0205449  -1.35848e-30     -0.036666
     0.542714      -0.22149     0.0152452  -1.64633e-30    -0.0366205
     0.547739      -0.22265    0.00981684  -1.05368e-30    -0.0365618
     0.552764     -0.224047    0.00433771  -6.94458e-31    -0.0364789
     0.557789     -0.225892   -0.00123696  -7.74634e-31    -0.0363508
     0.562814     -0.227445   -0.00685452  -7.37943e-31    -0.0362156
     0.567839     -0.228367    -0.0125648  -4.48665e-31    -0.0360651
     0.572864     -0.229491    -0.0183278  -1.13711e-31    -0.0358928
     0.577889     -0.231121    -0.0242229   3.35429e-31    -0.0356657
     0.582915     -0.232499    -0.0301305   6.53941e-31    -0.0354332
      0.58794      -0.23314    -0.0360747   5.91019e-31    -0.0351849
     0.592965     -0.233944    -0.0420692   5.98041e-31     -0.034918
      0.59799     -0.235309    -0.0482372   8.46689e-31    -0.0345864
     0.603015     -0.236469    -0.0543948    9.0915e-31     -0.034251
      0.60804     -0.236781    -0.0605095   1.97465e-31       -0.0339
     0.613065     -0.237211    -0.0666666  -5.37449e-31    -0.0335346
      0.61809     -0.238253    -0.0730411  -1.39141e-30     -0.033096
     0.623116     -0.239148    -0.0793929  -2.01321e-30    -0.0326551
     0.628141     -0.239077    -0.0855973  -1.11707e-30    -0.0321989
     0.633166     -0.239079    -0.0918314  -2.37014e-31    -0.0317332
     0.638191     -0.239724    -0.0983267    5.0141e-31    -0.0311843
     0.643216     -0.240289       -0.1048   1.14424e-30    -0.0306353
     0.648241     -0.239793     -0.110993   5.44317e-31    -0.0300845
     0.653266     -0.239326     -0.117199  -7.33995e-32    -0.0295295
     0.658291     -0.239525     -0.123714   -1.1093e-30    -0.0288753
     0.663317     -0.239712     -0.130224  -2.12542e-30    -0.0282213
     0.668342     -0.238714      -0.13627  -1.22217e-30     -0.027588
     0.673367     -0.237716     -0.142316  -3.18922e-31    -0.0269547
     0.678392     -0.237398     -0.148719   2.90861e-31    -0.0262121
     0.683417     -0.237094      -0.15513    8.9453e-31    -0.0254671
     0.688442     -0.235568     -0.160884   6.24769e-31    -0.0247593
     0.693467     -0.233977     -0.166603    3.0805e-31    -0.0240534
     0.698492        -0.233     -0.172667   4.42658e-32    -0.0232429
     0.703518     -0.232078     -0.178761  -2.14814e-31     -0.022423
     0.708543     -0.230022     -0.184112  -1.94132e-31    -0.0216623
     0.713568     -0.227822     -0.189369  -1.38077e-31     -0.020909
     0.718593     -0.226141     -0.194924  -7.50045e-31     -0.020056
     0.723618     -0.224547     -0.200529  -1.47335e-30    -0.0191864
     0.728643     -0.221913     -0.205286  -9.86932e-31    -0.0183994
     0.733668      -0.21906     -0.209865  -2.46622e-31    -0.0176297
     0.738693     -0.216631     -0.214696   7.43202e-32    -0.0167675
     0.743719     -0.214312     -0.219591   2.87732e-31    -0.0158817
     0.748744     -0.211071     -0.223557   2.78295e-31    -0.0150965
     0.753769     -0.207547     -0.227237   2.00516e-31    -0.0143421
     0.758794     -0.204353     -0.231111  -3.32507e-33    -0.0135069
     0.763819     -0.201279     -0.235054  -2.52689e-31    -0.0126425
     0.768844     -0.197424      -0.23802  -2.45984e-31    -0.0118917
     0.773869     -0.193241     -0.240576  -1.31657e-31    -0.0111886
     0.778894     -0.189298     -0.243258  -2.69584e-31    -0.0104191
      0.78392     -0.185471     -0.246001  -5.29816e-31    -0.0096174
     0.788945     -0.181024     -0.247761  -4.63988e-31   -0.00893619
      0.79397     -0.176234     -0.248973  -2.17016e-31   -0.00832194
     0.798995     -0.171602     -0.250243  -1.69989e-31   -0.00765708
      0.80402     -0.167071     -0.251548  -2.49594e-31   -0.00696017
     0.809045     -0.162092     -0.251908  -2.25469e-31   -0.00638351
      0.81407     -0.156792     -0.251589   -1.2673e-31   -0.00589336
     0.819095     -0.151583      -0.25126  -6.78495e-32   -0.00536863
     0.824121     -0.146448     -0.250924  -4.14452e-32   -0.00481572
     0.829146     -0.141041     -0.249727  -2.09869e-32   -0.00437537
     0.834171     -0.135381     -0.247739  -6.00839e-33   -0.00403876
     0.839196     -0.129761     -0.245686   5.21817e-32   -0.00368243
     0.844221     -0.124183     -0.243564   1.55384e-31   -0.00330554
     0.849246     -0.118494     -0.240709   1.65387e-31   -0.00302685
     0.854271     -0.112675      -0.23699   6.56224e-32   -0.00286384
     0.859296     -0.106863     -0.233166   1.37872e-32   -0.00269351
     0.864322     -0.101058     -0.229204   2.58575e-32   -0.00251343
     0.869347    -0.0952819     -0.224663   2.57892e-32   -0.00241232
     0.874372    -0.0895474     -0.219246   7.35745e-33   -0.00243067
     0.879397    -0.0838011     -0.213706  -1.94737e-33    -0.0024508
     0.884422    -0.0780346     -0.207957   4.46643e-33   -0.00247398
     0.889447    -0.0723981     -0.201795   7.21343e-33   -0.00255448
     0.894472     -0.067018     -0.194817   2.73794e-33   -0.00274785
     0.899497    -0.0616208     -0.187722  -7.08259e-33   -0.00294839
     0.904523    -0.0561848     -0.180357  -2.90185e-32    -0.0031652
     0.909548    -0.0509376     -0.172736  -3.52088e-32   -0.00341857
     0.914573     -0.046187     -0.164442   6.39742e-36   -0.00376809
     0.919598    -0.0414219     -0.156049   4.50616e-32   -0.00412672
     0.924623    -0.0366123     -0.147354   1.20457e-31   -0.00451347
     0.929648    -0.0320069     -0.138533   1.65061e-31   -0.00492196
     0.934673    -0.0281501     -0.129249   9.67645e-32   -0.00541018
     0.939698    -0.0242847     -0.119898   3.73025e-32   -0.00590673
     0.944724    -0.0203812     -0.110248   1.71056e-32   -0.00644033
     0.949749     -0.016662     -0.100562   1.54701e-33   -0.00698755
     0.954774    -0.0139633    -0.0906753   1.16541e-32   -0.00761021
     0.959799    -0.0112612    -0.0807539   1.58914e-32   -0.00823871
     0.964824   -0.00853504    -0.0705821  -2.19384e-32   -0.00890905
     0.969849    -0.0059316    -0.0604191  -5.72661e-32   -0.00957409
     0.974874   -0.00454155    -0.0503442  -6.78499e-32    -0.0101867
     0.979899   -0.00315092    -0.0402593  -7.83894e-32    -0.0108021
     0.984925   -0.00175139    -0.0300231  -8.82505e-32    -0.0114601
      0.98995  -0.000388743    -0.0197972  -9.63352e-32    -0.0120973
     0.994975  -0.000194371   -0.00989859  -4.81676e-32    -0.0120756
            1             0             0             0    -0.0120539
